Intrinsic_mtx_1
[[735.10738529   0.         329.01126476]
 [  0.         734.76580002 249.69648954]
 [  0.           0.           1.        ]]

dist_1
[[ 0.07021249 -0.38115536  0.00157876  0.00106928 -0.2207671 ]]

Intrinsic_mtx_2
[[736.89978594   0.         312.85924488]
 [  0.         736.72232688 239.25396472]
 [  0.           0.           1.        ]]

dist_2
[[ 6.34402595e-02 -4.30641026e-01  4.70326682e-04  2.07256403e-04
  -1.24359680e-01]]

R
[[ 0.99952063  0.01873576 -0.02464717]
 [-0.01883054  0.99981614 -0.0036191 ]
 [ 0.02457483  0.00408149  0.99968966]]

T
[[-3.96615161]
 [ 0.06328689]
 [-0.35791869]]

E
[[-0.00518454  0.35811119  0.0619719 ]
 [-0.26027961  0.00948192  3.97374244]
 [ 0.01142824 -3.96660812  0.01591375]]

F
[[ 2.26426715e-06 -1.56454698e-04  1.76024775e-02]
 [ 1.13713194e-04 -4.14400272e-06 -1.31324462e+00]
 [-3.22002138e-02  1.32669403e+00  1.00000000e+00]]

